omega_n: 24.5830959698853
beta: 0.0116198063248213
